time,dt,dtnuc
1,1,1.7976931348623e+308
3,2,1.7976931348623e+308
7,4,1.7976931348623e+308
15,8,1.7976931348623e+308
31,16,0.5
31.5,0.5,1.7976931348623e+308
32.5,1,1.7976931348623e+308
34.5,2,0.5
35,0.5,1.7976931348623e+308
36,1,1.7976931348623e+308
